# Exported from Wings 3D 2.1.5
mtllib s230Sign.mtl
o Cube.002
#8 vertices, 6 faces
v -1.27707800 6.39610900 0.18037900
v -1.27874600 6.42095400 0.77306500
v -1.32890300 8.76576700 0.67462700
v -1.32723400 8.74092100 8.1941000e-2
v 6.73785500 6.56817500 0.19573200
v 6.68769800 8.91298800 9.7293000e-2
v 6.68602900 8.93783400 0.68997800
v 6.73618700 6.59302000 0.78841600
vt 0.0000000e+0 0.0000000e+0
vt 0.0000000e+0 1.00000000
vt 1.00000000 0.0000000e+0
vt 1.00000000 1.00000000
vn -0.99976775 -2.1465821e-2 -1.9146453e-3
vn 2.1364070e-2 -0.99889198 4.1933078e-2
vn 2.8129791e-3 -4.1884218e-2 -0.99911851
vn -0.99976775 -2.1465821e-2 -1.9146453e-3
vn 2.1364070e-2 -0.99889198 4.1933078e-2
vn -2.8127873e-3 4.1883991e-2 0.99911852
vn -0.99976775 -2.1465821e-2 -1.9146453e-3
vn -2.1364195e-2 0.99889191 -4.1934762e-2
vn -2.8127873e-3 4.1883991e-2 0.99911852
vn -0.99976775 -2.1465821e-2 -1.9146453e-3
vn -2.1364195e-2 0.99889191 -4.1934762e-2
vn 2.8129791e-3 -4.1884218e-2 -0.99911851
vn 0.99976774 2.1466238e-2 1.9146326e-3
vn 2.1364070e-2 -0.99889198 4.1933078e-2
vn 2.8129791e-3 -4.1884218e-2 -0.99911851
vn 0.99976774 2.1466238e-2 1.9146326e-3
vn -2.1364195e-2 0.99889191 -4.1934762e-2
vn 2.8129791e-3 -4.1884218e-2 -0.99911851
vn 0.99976774 2.1466238e-2 1.9146326e-3
vn -2.1364195e-2 0.99889191 -4.1934762e-2
vn -2.8127873e-3 4.1883991e-2 0.99911852
vn 0.99976774 2.1466238e-2 1.9146326e-3
vn 2.1364070e-2 -0.99889198 4.1933078e-2
vn -2.8127873e-3 4.1883991e-2 0.99911852
g Cube.002_mat_sign2
usemtl mat_sign2
s 1
f 2/1/6 8/3/24 7/4/21 3/2/9
f 4/1/12 6/1/18 5/1/15 1/1/3
s 2
f 1/1/2 5/1/14 8/1/23 2/1/5
f 3/1/8 7/1/20 6/1/17 4/1/11
s 3
f 2/1/4 3/1/7 4/1/10 1/1/1
f 6/1/16 7/1/19 8/1/22 5/1/13
o Plane
#4 vertices, 1 faces
v -0.66226700 6.96445800 5.9850000e-3
v 5.95706400 6.96861100 2.4972000e-2
v 5.95610800 8.57209400 7.3740000e-3
v -0.66322200 8.56794000 -1.1614000e-2
vt 1.0000000e-4 1.0000000e-4
vt 1.0000000e-4 0.99990000
vt 0.99990000 1.0000000e-4
vt 0.99990000 0.99990000
vn -2.8751932e-3 1.0972755e-2 0.99993566
vn -2.8751932e-3 1.0972755e-2 0.99993566
vn -2.8751932e-3 1.0972755e-2 0.99993566
vn -2.8751932e-3 1.0972755e-2 0.99993566
g Plane_None2
usemtl None2
s 2
f 10/7/26 11/8/27 12/6/28 9/5/25
o Cube.001
#8 vertices, 6 faces
v 0.80847600 7.82908900 0.49919900
v 0.80847600 7.82908900 0.30275900
v 0.80847600 -0.16874400 0.30274900
v 0.80847600 -0.16874400 0.49918900
v 1.00491700 7.82908900 0.30275900
v 1.00491700 -0.16874400 0.30274900
v 1.00491700 7.82908900 0.49919900
v 1.00491700 -0.16874400 0.49918900
vt 0.0000000e+0 0.0000000e+0
vn -1.00000000 0.0000000e+0 0.0000000e+0
vn 0.0000000e+0 -1.2503387e-6 1.00000000
vn 0.0000000e+0 1.00000000 0.0000000e+0
vn -1.00000000 0.0000000e+0 0.0000000e+0
vn 0.0000000e+0 1.2503387e-6 -1.00000000
vn 0.0000000e+0 1.00000000 0.0000000e+0
vn -1.00000000 0.0000000e+0 0.0000000e+0
vn 0.0000000e+0 1.2503387e-6 -1.00000000
vn 0.0000000e+0 -1.00000000 0.0000000e+0
vn -1.00000000 0.0000000e+0 0.0000000e+0
vn 0.0000000e+0 -1.2503387e-6 1.00000000
vn 0.0000000e+0 -1.00000000 0.0000000e+0
vn 0.0000000e+0 1.2503387e-6 -1.00000000
vn 1.00000000 0.0000000e+0 0.0000000e+0
vn 0.0000000e+0 1.00000000 0.0000000e+0
vn 0.0000000e+0 1.2503387e-6 -1.00000000
vn 1.00000000 0.0000000e+0 0.0000000e+0
vn 0.0000000e+0 -1.00000000 0.0000000e+0
vn 1.00000000 0.0000000e+0 0.0000000e+0
vn 0.0000000e+0 -1.2503387e-6 1.00000000
vn 0.0000000e+0 1.00000000 0.0000000e+0
vn 1.00000000 0.0000000e+0 0.0000000e+0
vn 0.0000000e+0 -1.2503387e-6 1.00000000
vn 0.0000000e+0 -1.00000000 0.0000000e+0
g Cube.001_None_NONE2
usemtl None_NONE2
s 1
f 13/9/31 19/9/49 17/9/43 14/9/34
f 15/9/37 18/9/46 20/9/52 16/9/40
s 2
f 14/9/32 15/9/35 16/9/38 13/9/29
f 17/9/42 19/9/47 20/9/50 18/9/45
s 3
f 14/9/33 17/9/41 18/9/44 15/9/36
f 16/9/39 20/9/51 19/9/48 13/9/30
